x <- 10
y <- 30
x + y
z
